# MMatrix
Matrix multiplication program using QtConcurrent for practiсe

## Example of multiplication

### Matrix 1 
1, 8, 9

6, 2, 2

8, 9, 6

6, 5, 6

### Matrix 2 
6, 3, 2

8, 8, 8

6, 9, 3

### Result
124,148,93 

 64, 52,34 
 
156,150,106 

112,112,70 

## Example of spanning tree search

### Matrix  
0, 1, 1

1, 0, 1

1, 1, 0

### Result
Edges of spanning tree:

1 --- 2

1 --- 3
